AIREBO test...
read() clocks used: 6375
0.419892
0.839754
-0.874085
-0.454213
-0.0343709
1.15977
2.35189
2.76895
3.96105
2.24739
2.66451
0.950843
2.14504
2.56209
2.97921
3.39623
3.81328
5.78051
6.19753
compute() clocks used: 156
16396.1
AIREBO test...
read() clocks used: 6625
0.419892
0.839754
-0.874085
-0.454213
-0.0343709
1.15977
2.35189
2.76895
3.96105
2.24739
2.66451
0.950843
2.14504
2.56209
2.97921
3.39623
3.81328
5.78051
6.19753
compute() clocks used: 156
16396.1
AIREBO test...
read() clocks used: 6500
0.419892
0.839754
-0.874085
-0.454213
-0.0343709
1.15977
2.35189
2.76895
3.96105
2.24739
2.66451
0.950843
2.14504
2.56209
2.97921
3.39623
3.81328
5.78051
6.19753
compute() clocks used: 156
16396.1
AIREBO test...
read() clocks used: 6250
0.419892
0.839754
-0.874085
-0.454213
-0.0343709
1.15977
2.35189
2.76895
3.96105
2.24739
2.66451
0.950843
2.14504
2.56209
2.97921
3.39623
3.81328
5.78051
6.19753
compute() clocks used: 140
16396.1
AIREBO test...
read() clocks used: 6328
0.419892
0.839754
-0.874085
-0.454213
-0.0343709
1.15977
2.35189
2.76895
3.96105
2.24739
2.66451
0.950843
2.14504
2.56209
2.97921
3.39623
3.81328
5.78051
6.19753
compute() clocks used: 156
16396.1
AIREBO test...
read() clocks used: 6266
0.419892
0.839754
-0.874085
-0.454213
-0.0343709
1.15977
2.35189
2.76895
3.96105
2.24739
2.66451
0.950843
2.14504
2.56209
2.97921
3.39623
3.81328
5.78051
6.19753
compute() clocks used: 156
16396.1
AIREBO test...
read() clocks used: 6281
0.419892
0.839754
-0.874085
-0.454213
-0.0343709
1.15977
2.35189
2.76895
3.96105
2.24739
2.66451
0.950843
2.14504
2.56209
2.97921
3.39623
3.81328
5.78051
6.19753
compute() clocks used: 141
16396.1
AIREBO test...
read() clocks used: 6250
0.419892
0.839754
-0.874085
-0.454213
-0.0343709
1.15977
2.35189
2.76895
3.96105
2.24739
2.66451
0.950843
2.14504
2.56209
2.97921
3.39623
3.81328
5.78051
6.19753
compute() clocks used: 141
16396.1
AIREBO test...
read() clocks used: 6250
0.419892
0.839754
-0.874085
-0.454213
-0.0343709
1.15977
2.35189
2.76895
3.96105
2.24739
2.66451
0.950843
2.14504
2.56209
2.97921
3.39623
3.81328
5.78051
6.19753
compute() clocks used: 156
16396.1
AIREBO test...
read() clocks used: 6265
0.419892
0.839754
-0.874085
-0.454213
-0.0343709
1.15977
2.35189
2.76895
3.96105
2.24739
2.66451
0.950843
2.14504
2.56209
2.97921
3.39623
3.81328
5.78051
6.19753
compute() clocks used: 157
16396.1
total_read: 63390
total_compute: 1515
